1_1 10000 0 ( 2.874, 3.670 ) 0.796
1_1 10000 1 ( 2.952, 4.159 ) 1.207
1_1 10000 2 ( 3.438, 4.405 ) 0.967
1_1 10000 3 ( 3.748, 4.676 ) 0.928
1_1 58000 0 ( 2.871, 3.664 ) 0.793
1_1 58000 1 ( 2.949, 4.156 ) 1.207
1_1 58000 2 ( 3.444, 4.402 ) 0.958
1_1 58000 3 ( 3.754, 4.661 ) 0.907
1_1 106000 0 ( 2.877, 3.646 ) 0.769
1_1 106000 1 ( 2.856, 4.234 ) 1.378
1_1 106000 2 ( 3.393, 4.508 ) 1.115
1_1 106000 3 ( 4.042, 5.174 ) 1.132
1_1 152000 0 ( 2.877, 3.634 ) 0.757
1_1 152000 1 ( 2.853, 4.234 ) 1.381
1_1 152000 2 ( 3.420, 4.489 ) 1.069
1_1 152000 3 ( 4.048, 5.150 ) 1.102
1_1 200000 0 ( 2.883, 3.634 ) 0.751
1_1 200000 1 ( 2.853, 4.234 ) 1.381
1_1 200000 2 ( 3.414, 4.508 ) 1.094
1_1 200000 3 ( 4.042, 5.165 ) 1.123
1_2 10000 0 ( 3.165, 3.967 ) 0.802
1_2 10000 1 ( 2.994, 4.348 ) 1.354
1_2 10000 2 ( 3.318, 4.246 ) 0.928
1_2 10000 3 ( 3.640, 4.577 ) 0.937
1_2 58000 0 ( 3.042, 3.835 ) 0.793
1_2 58000 1 ( 2.868, 4.396 ) 1.528
1_2 58000 2 ( 3.318, 4.387 ) 1.069
1_2 58000 3 ( 3.826, 4.901 ) 1.075
1_2 106000 0 ( 3.060, 3.823 ) 0.763
1_2 106000 1 ( 2.868, 4.399 ) 1.531
1_2 106000 2 ( 3.318, 4.417 ) 1.099
1_2 106000 3 ( 3.817, 4.928 ) 1.111
1_2 152000 0 ( 3.045, 3.829 ) 0.784
1_2 152000 1 ( 2.868, 4.366 ) 1.498
1_2 152000 2 ( 3.318, 4.423 ) 1.105
1_2 152000 3 ( 3.820, 4.919 ) 1.099
1_2 200000 0 ( 3.063, 3.826 ) 0.763
1_2 200000 1 ( 2.868, 4.375 ) 1.507
1_2 200000 2 ( 3.318, 4.393 ) 1.075
1_2 200000 3 ( 3.829, 4.910 ) 1.081
2_1 10000 0 ( 0.093, 0.099 ) 0.006
2_1 10000 1 ( 3.225, 92.916 ) 89.691
2_1 10000 2 ( 3.483, 79.042 ) 75.559
2_1 58000 0 ( 0.093, 0.099 ) 0.006
2_1 58000 1 ( 3.225, 92.721 ) 89.496
2_1 58000 2 ( 3.483, 79.264 ) 75.781
2_1 106000 0 ( 0.093, 0.099 ) 0.006
2_1 106000 1 ( 3.228, 92.871 ) 89.643
2_1 106000 2 ( 3.483, 80.381 ) 76.898
2_1 152000 0 ( 0.093, 0.099 ) 0.006
2_1 152000 1 ( 3.228, 93.078 ) 89.850
2_1 152000 2 ( 3.604, 80.111 ) 76.507
2_1 200000 0 ( 0.093, 0.099 ) 0.006
2_1 200000 1 ( 3.228, 93.093 ) 89.865
2_1 200000 2 ( 3.556, 79.970 ) 76.414
